0,1 0,26
3,1 3,6
3,9 3,12
3,15 3,18
3,21 3,26
6,1 6,3
6,6 6,21
6,24 6,26
9,1 9,12
9,15 9,26
12,9 12,18
15,0 15,9
15,11 15,15
15,18 15,27
18,9 18,18
21,1 21,6
21,9 21,12
21,15 21,18
21,21 21,26
24,1 24,26
28,1 28,12
28,15 28,26
0,1 3,1
0,12 3,12
0,15 3,15
0,26 3,26
3,3 6,3
3,6 28,6
3,9 6,9
3,18 6,18
3,21 28,21
3,24 6,24
6,1 9,1
6,12 9,12
6,15 9,15
6,26 9,26
9,9 18,9
9,18 18,18
15,13 18,13
18,12 21,12
18,15 21,15
21,1 28,1
21,9 24,9
21,18 24,18
21,26 28,26
24,12 28,12
24,15 28,15
0,1
0,2
0,3
0,4
0,5
0,6
0,7
0,8
0,9
0,10
0,11
0,12
0,13
0,14
0,15
0,16
0,17
0,18
0,19
0,20
0,21
0,22
0,23
0,24
0,25
0,26
1,1
2,1
3,1
3,2
3,3
4,3
5,3
6,3
6,2
6,1
7,1
8,1
9,1
9,2
9,3
9,4
9,5
9,6
9,7
9,8
9,9